==================================
Map Number: 0
Map Name: Thermal Updraft Velocity with Stipple
Base URL: http://www.drjack.info/BLIP/NAM/SE/FCST/wfpm_woustar.curr.18z.PNG
BGR List: (255,70,0) (255,131,0) (255,200,0) (248,252,0) (182,232,2) (117,210,5) (58,193,6) (14,185,30) (9,204,87) (6,223,153) (2,244,219) (0,247,255) (0,222,255) (0,197,255) (0,175,255) (0,139,255) (0,99,255) (0,55,255) (0,9,255) (24,0,223) (61,0,179) (95,0,137) (132,0,92)
Color Value List: 25.0, 75.0, 125.0, 175.0, 225.0, 275.0, 325.0, 375.0, 425.0, 475.0, 525.0, 575.0, 625.0, 675.0, 725.0, 775.0, 825.0, 875.0, 925.0, 975.0, 1025.0, 1075.0, 1125.0
Units: ft/min
Rating: 425, 225
Active: NO
Priority: NO
==================================
Map Number: 1
Map Name: Thermal Updraft Velocity
Nickname: t_vel
Base URL: http://www.drjack.info/BLIP/NAM/SE/FCST/wfpm.curr.18z.PNG
BGR List: (204,204,204) (255,101,191) (255,0,148) (255,76,121) (255,0,63) (255,188,101) (255,144,0) (254,254,153) (255,255,0) (140,255,101) (63,255,0) (101,255,216) (0,255,191) (153,254,254) (0,255,255) (101,204,255) (0,170,255) (114,101,255) (21,0,255) (229,101,255) (212,0,255) (255,255,255)
Color Value List: 25.0, 75.0, 125.0, 175.0, 225.0, 275.0, 325.0, 375.0, 425.0, 475.0, 525.0, 575.0, 625.0, 675.0, 725.0, 775.0, 825.0, 875.0, 925.0, 975.0, 1025.0, 1075.0
Units: ft/min
Rating: 425, 225
Active: YES
Priority: YES
==================================
Map Number: 2
Map Name: Buoyancy Shear Ratio
Nickname: b/s
Base URL: http://www.drjack.info/BLIP/NAM/SE/FCST/woustar.curr.18z.PNG
BGR List: (255,0,148) (255,127,159) (255,144,0) (255,255,127) (63,255,0) (127,255,223) (0,255,255) (127,212,255) (21,0,255) (233,127,255) (255,255,255)
Color Value List: 0.5, 1.5, 2.5, 3.5, 4.5, 5.5, 6.5, 7.5, 8.5, 9.5, 10.5
Units: B/S
Rating: 8.5, 6.5
Active: YES
Priority: YES
==================================
Map Number: 3
Map Name: BL Top
Nickname: BTop
Base URL: http://www.drjack.info/BLIP/NAM/SE/FCST/hft.curr.18z.PNG
BGR List: (204,204,204) (255,101,191) (255,0,148) (255,76,121) (255,0,63) (255,188,101) (255,144,0) (254,254,153) (255,255,0) (140,255,101) (63,255,0) (101,255,216) (0,255,191) (153,254,254) (0,255,255) (101,204,255) (0,170,255) (114,101,255) (21,0,255) (229,101,255) (212,0,255) (255,255,255)
Color Value List: 0.25, 0.75, 1.25, 1.75, 2.25, 2.75, 3.25, 3.75, 4.25, 4.75, 5.25, 5.75, 6.25, 6.75, 7.25, 7.75, 8.25, 8.75, 9.25, 9.75, 10.25, 10.75
Units: x1000ft
Rating: 7.75, 6.25
Active: YES
Priority: YES
==================================
Map Number: 4
Map Name: Hcrit Height
Nickname: Hcri
Base URL: http://www.drjack.info/BLIP/NAM/SE/FCST/hwcritft.curr.18z.PNG
BGR List: (204,204,204) (255,101,191) (255,0,148) (255,76,121) (255,0,63) (255,188,101) (255,144,0) (254,254,153) (255,255,0) (140,255,101) (63,255,0) (101,255,216) (0,255,191) (153,254,254) (0,255,255) (101,204,255) (0,170,255) (114,101,255) (21,0,255) (229,101,255) (212,0,255) (255,255,255)
Color Value List: 0.25, 0.75, 1.25, 1.75, 2.25, 2.75, 3.25, 3.75, 4.25, 4.75, 5.25, 5.75, 6.25, 6.75, 7.25, 7.75, 8.25, 8.75, 9.25, 9.75, 10.25, 10.75
Units: x1000ft
Rating: 5.75, 4.75
Active: YES
Priority: YES
==================================
Map Number: 5
Map Name: Thermal Height Variability
Base URL: http://www.drjack.info/BLIP/NAM/SE/FCST/htift.curr.18z.PNG
BGR List: (204,204,204) (255,101,191) (255,0,148) (255,76,121) (255,0,63) (255,188,101) (255,144,0) (254,254,153) (255,255,0) (140,255,101) (63,255,0) (101,255,216) (0,255,191) (153,254,254) (0,255,255) (101,204,255) (0,170,255) (114,101,255) (21,0,255) (229,101,255) (212,0,255) (255,255,255)
Color Value List: -0.75, -0.25, 0.25, 0.75, 1.25, 1.75, 2.25, 2.75, 3.25, 3.75, 4.25, 4.75, 5.25, 5.75, 6.25, 6.75, 7.25, 7.75, 8.25, 8.75, 9.25, 9.75
Units: x1000ft
Rating: -0.75, -0.75
Active: NO
Priority: YES
==================================
Map Number: 6
Map Name: BL Wind
Base URL: http://www.drjack.info/BLIP/NAM/SE/FCST/blwindkt_blwinddeg.curr.18z.PNG
BGR List: (255,70,0) (255,131,0) (255,200,0) (248,252,0) (182,232,2) (117,210,5) (58,193,6) (14,185,30) (9,204,87) (6,223,153) (2,244,219) (0,247,255) (0,222,255) (0,197,255) (0,175,255) (0,139,255) (0,99,255) (0,55,255) (0,9,255) (24,0,223) (61,0,179) (95,0,137) (132,0,92)
Color Value List: 1.0, 3.0, 5.0, 7.0, 9.0, 11.0, 13.0, 15.0, 17.0, 19.0, 21.0, 23.0, 25.0, 27.0, 29.0, 31.0, 33.0, 35.0, 37.0, 39.0, 41.0, 43.0, 45.0
Units: kts
Rating: 1.0, 1.0
Active: NO
Priority: YES
==================================
Map Number: 7
Map Name: BL Windspeed
Nickname: Wind
Base URL: http://www.drjack.info/BLIP/NAM/SE/FCST/blwindkt.curr.18z.PNG
BGR List: (204,204,204) (255,101,191) (255,0,148) (255,76,121) (255,0,63) (255,188,101) (255,144,0) (254,254,153) (255,255,0) (140,255,101) (63,255,0) (101,255,216) (0,255,191) (153,254,254) (0,255,255) (101,204,255) (0,170,255) (114,101,255) (21,0,255) (229,101,255) (212,0,255) (255,255,255)
Color Value List: 1.0, 3.0, 5.0, 7.0, 9.0, 11.0, 13.0, 15.0, 17.0, 19.0, 21.0, 23.0, 25.0, 27.0, 29.0, 31.0, 33.0, 35.0, 37.0, 39.0, 41.0, 43.0
Units: kts
Rating: 5.0, 9.0
Active: YES
Priority: YES
==================================
Map Number: 8
Map Name: BL Wind Direction
Nickname: DirWd
Base URL: http://www.drjack.info/BLIP/NAM/SE/FCST/blwinddeg.curr.18z.PNG
BGR List: (204,204,204) (255,101,191) (255,0,148) (255,76,121) (255,0,63) (255,188,101) (255,144,0) (254,254,153) (255,255,0) (140,255,101) (63,255,0) (101,255,216) (0,255,191) (153,254,254) (0,255,255) (101,204,255) (0,170,255) (114,101,255)
Color Value List: 10.0, 30.0, 50.0, 70.0, 90.0, 110.0, 130.0, 150.0, 170.0, 190.0, 210.0, 230.0, 250.0, 270.0, 290.0, 310.0, 330.0, 350.0
Units: degTrue
Rating: 270.0, 230.0
Active: YES
Priority: YES
==================================
Map Number: 9
Map Name: BL Wind Shear
Base URL: http://www.drjack.info/BLIP/NAM/SE/FCST/blwindshearkt.curr.18z.PNG
BGR List: (204,204,204) (255,101,191) (255,0,148) (255,76,121) (255,0,63) (255,188,101) (255,144,0) (254,254,153) (255,255,0) (140,255,101) (63,255,0) (101,255,216) (0,255,191) (153,254,254) (0,255,255) (101,204,255) (0,170,255) (114,101,255) (21,0,255) (229,101,255) (212,0,255) (255,255,255)
Color Value List: -9.0, -7.0, -5.0, -3.0, -1.0, 1.0, 3.0, 5.0, 7.0, 9.0, 11.0, 13.0, 15.0, 17.0, 19.0, 21.0, 23.0, 25.0, 27.0, 29.0, 31.0, 33.0
Units: kts
Rating: -9.0, -9.0
Active: NO
Priority: NO
==================================
Map Number: 10
Map Name: BL Max Up/Down Motion
Base URL: http://www.drjack.info/BLIP/NAM/SE/FCST/wblmaxkt.curr.18z.PNG
BGR List: (204,204,204) (255,101,191) (255,0,148) (255,76,121) (255,0,63) (255,188,101) (255,144,0) (254,254,153) (255,255,0) (140,255,101) (63,255,0) (101,255,216) (0,255,191) (153,254,254) (0,255,255) (101,204,255) (0,170,255) (114,101,255) (21,0,255) (229,101,255) (212,0,255) (255,255,255)
Color Value List: -110.0, -90.0, -70.0, -50.0, -30.0, -10.0, 10.0, 30.0, 50.0, 70.0, 90.0, 110.0, 130.0, 150.0, 170.0, 190.0, 210.0, 230.0, 250.0, 270.0, 290.0, 310.0
Units: x10^-2kts
Rating: -110.0, -110.0
Active: NO
Priority: NO
==================================
Map Number: 11
Map Name: Cu Cloudbase Cu>0 with Stipple
Nickname: Clbase
Base URL: http://www.drjack.info/BLIP/NAM/SE/FCST/zsfclclft_zsfclcldifft.curr.18z.PNG
BGR List: (255,70,0) (255,131,0) (255,200,0) (248,252,0) (182,232,2) (117,210,5) (58,193,6) (14,185,30) (9,204,87) (6,223,153) (2,244,219) (0,247,255) (0,222,255) (0,197,255) (0,175,255) (0,139,255) (0,99,255) (0,55,255) (0,9,255) (24,0,223) (61,0,179) (95,0,137) (132,0,92)
Color Value List: 500.0, 1500.0, 2500.0, 3500.0, 4500.0, 5500.0, 6500.0, 7500.0, 8500.0, 9500.0, 10500.0, 11500.0, 12500.0, 13500.0, 14500.0, 15500.0, 16500.0, 17500.0, 18500.0, 19500.0, 20500.0, 21500.0, 22500.0
Units: ft
Rating: 5500.0, 4500.0
Active: YES
Priority: YES
==================================
Map Number: 12
Map Name: OD Cloudbase OD>0 with Stipple
Base URL: http://www.drjack.info/BLIP/NAM/SE/FCST/zblclft_zblcldifft.curr.18z.PNG
BGR List: (255,70,0) (255,131,0) (255,200,0) (248,252,0) (182,232,2) (117,210,5) (58,193,6) (14,185,30) (9,204,87) (6,223,153) (2,244,219) (0,247,255) (0,222,255) (0,197,255) (0,175,255) (0,139,255) (0,99,255) (0,55,255) (0,9,255) (24,0,223) (61,0,179) (95,0,137) (132,0,92)
Color Value List: 500.0, 1500.0, 2500.0, 3500.0, 4500.0, 5500.0, 6500.0, 7500.0, 8500.0, 9500.0, 10500.0, 11500.0, 12500.0, 13500.0, 14500.0, 15500.0, 16500.0, 17500.0, 18500.0, 19500.0, 20500.0, 21500.0, 22500.0
Units: ft
Rating: 500.0, 500.0
Active: NO
Priority: YES
==================================
Map Number: 13
Map Name: Cu Potential
Nickname: CuPo
Base URL: http://www.drjack.info/BLIP/NAM/SE/FCST/zsfclcldifft.curr.18z.PNG
BGR List: (204,204,204) (255,101,191) (255,0,148) (255,76,121) (255,0,63) (255,188,101) (255,144,0) (254,254,153) (255,255,0) (140,255,101) (63,255,0) (101,255,216) (0,255,191) (153,254,254) (0,255,255) (101,204,255) (0,170,255) (114,101,255) (21,0,255) (229,101,255) (212,0,255) (255,255,255)
Color Value List: -4.25, -3.75, -3.25, -2.75, -2.25, -1.75, -1.25, -0.75, -0.25, 0.25, 0.75, 1.25, 1.75, 2.25, 2.75, 3.25, 3.75, 4.25, 4.75, 5.25, 5.75, 6.25
Units: x1000ft
Rating: 4.25, 2.25
Active: YES
Priority: YES
==================================
Map Number: 14
Map Name: OD Potential
Nickname: OD_Po
Base URL: http://www.drjack.info/BLIP/NAM/SE/FCST/zblcldifft.curr.18z.PNG
BGR List: (204,204,204) (255,101,191) (255,0,148) (255,76,121) (255,0,63) (255,188,101) (255,144,0) (254,254,153) (255,255,0) (140,255,101) (63,255,0) (101,255,216) (0,255,191) (153,254,254) (0,255,255) (101,204,255) (0,170,255) (114,101,255) (21,0,255) (229,101,255) (212,0,255) (255,255,255)
Color Value List: -5.25, -4.75, -4.25, -3.75, -3.25, -2.75, -2.25, -1.75, -1.25, -0.75, -0.25, 0.25, 0.75, 1.25, 1.75, 2.25, 2.75, 3.25, 3.75, 4.25, 4.75, 5.25
Units: x1000ft
Rating: -2.75, -0.75
Active: YES
Priority: YES
==================================
Map Number: 15
Map Name: OD Height
Base URL: http://www.drjack.info/BLIP/NAM/SE/FCST/zblclft.curr.18z.PNG
BGR List: (204,204,204) (255,101,191) (255,0,148) (255,76,121) (255,0,63) (255,188,101) (255,144,0) (254,254,153) (255,255,0) (140,255,101) (63,255,0) (101,255,216) (0,255,191) (153,254,254) (0,255,255) (101,204,255) (0,170,255) (114,101,255) (21,0,255) (229,101,255) (212,0,255) (255,255,255)
Color Value List: 0.25, 0.75, 1.25, 1.75, 2.25, 2.75, 3.25, 3.75, 4.25, 4.75, 5.25, 5.75, 6.25, 6.75, 7.25, 7.75, 8.25, 8.75, 9.25, 9.75, 10.25, 10.75
Units: x1000ft
Rating: 0.25, 0.25
Active: NO
Priority: NO
==================================
Map Number: 16
Map Name: BL Max Relative Humidity
Base URL: http://www.drjack.info/BLIP/NAM/SE/FCST/maxblrh.curr.18z.PNG
BGR List: (204,204,204) (255,101,191) (255,0,148) (255,76,121) (255,0,63) (255,188,101) (255,144,0) (254,254,153) (255,255,0) (140,255,101) (63,255,0) (101,255,216) (0,255,191) (153,254,254) (0,255,255) (101,204,255) (0,170,255) (114,101,255) (21,0,255) (229,101,255) (212,0,255) (255,255,255)
Color Value List: 2.5, 7.5, 12.5, 17.5, 22.5, 27.5, 32.5, 37.5, 42.5, 47.5, 52.5, 57.5, 62.5, 67.5, 72.5, 77.5, 82.5, 87.5, 92.5, 97.5, 102.5, 107.5
Units: %
Rating: 2.5, 2.5
Active: NO
Priority: YES
==================================
Map Number: 17
Map Name: CAPE
Base URL: http://www.drjack.info/BLIP/NAM/SE/FCST/cape.curr.18z.PNG
BGR List: (255,127,191) (255,133,127) (255,203,127) (236,255,127) (166,255,127) (127,255,157) (127,255,227) (127,212,255) (127,142,255) (182,127,255) (251,127,255) (255,0,121) (255,18,0) (255,157,0) (212,255,0) (72,255,0) (0,255,66) (0,255,206) (0,163,255) (0,24,255) (115,0,255) (255,0,255)
Color Value List: 100.0, 300.0, 500.0, 700.0, 900.0, 1100.0, 1300.0, 1500.0, 1700.0, 1900.0, 2100.0, 2300.0, 2500.0, 2700.0, 2900.0, 3100.0, 3300.0, 3500.0, 3700.0, 3900.0, 4100.0, 4300.0
Units: J/kg
Rating: 100.0, 100.0
Active: NO
Priority: YES
==================================
Map Number: 18
Map Name: Sfc (2m) Dew Pt Temp
Base URL: http://www.drjack.info/BLIP/NAM/SE/FCST/sfcdewptf.curr.18z.PNG
BGR List: (255,0,127) (255,239,127) (0,255,63) (127,175,255) (255,0,255)
Color Value List: 57.5, 62.5, 67.5, 72.5, 77.5
Units: degF
Rating: 57.5, 57.5
Active: NO
Priority: NO
==================================
Map Number: 19
Map Name: Total Cloud Cover
Nickname: %Cld
Base URL: http://www.drjack.info/BLIP/NAM/SE/FCST/totcloudpct.curr.18z.PNG
BGR List: (191,191,191) (255,127,191) (255,0,127) (255,153,102) (255,0,0) (255,255,127) (255,255,0) (0,255,0) (0,255,127) (0,255,255) (0,127,255) (0,0,255) (255,127,255) (255,255,255)
Color Value List: 3.5, 10.5, 17.5, 24.5, 31.5, 38.5, 45.5, 52.5, 59.5, 66.5, 73.5, 80.5, 87.5, 94.5
Units: %
Rating: 24.5, 45.5
Active: YES
Priority: YES
==================================
Map Number: 20
Map Name: Surface Sun
Base URL: http://www.drjack.info/BLIP/NAM/SE/FCST/sfcsunwm2.curr.18z.PNG
BGR List: (191,191,191) (255,127,191) (255,0,127) (255,153,102) (255,0,0) (255,255,127) (255,255,0) (0,255,0) (0,255,127) (0,255,255) (0,127,255) (0,0,255) (255,127,255) (255,255,255)
Color Value List: 40.5, 111.5, 182.5, 253.5, 324.5, 395.5, 466.5, 537.5, 608.5, 679.5, 750.5, 821.5, 892.5, 963.5
Units: w/m^2
Rating: 40.5, 40.5
Active: NO
Priority: NO
==================================
Map Number: 21
Map Name: BL Depth
Base URL: http://www.drjack.info/BLIP/NAM/SE/FCST/dft.curr.18z.PNG
BGR List: (204,204,204) (255,101,191) (255,0,148) (255,76,121) (255,0,63) (255,188,101) (255,144,0) (254,254,153) (255,255,0) (140,255,101) (63,255,0) (101,255,216) (0,255,191) (153,254,254) (0,255,255) (101,204,255) (0,170,255) (114,101,255) (21,0,255) (229,101,255) (212,0,255) (255,255,255)
Color Value List: 0.25, 0.75, 1.25, 1.75, 2.25, 2.75, 3.25, 3.75, 4.25, 4.75, 5.25, 5.75, 6.25, 6.75, 7.25, 7.75, 8.25, 8.75, 9.25, 9.75, 10.25, 10.75
Units: x1000ft
Rating: 0.25, 0.25
Active: NO
Priority: NO
==================================
Map Number: 22
Map Name: Surface Heating
Base URL: http://www.drjack.info/BLIP/NAM/SE/FCST/qswm2.curr.18z.PNG
BGR List: (204,204,204) (255,101,191) (255,0,148) (255,76,121) (255,0,63) (255,188,101) (255,144,0) (254,254,153) (255,255,0) (140,255,101) (63,255,0) (101,255,216) (0,255,191) (153,254,254) (0,255,255) (101,204,255) (0,170,255) (114,101,255) (21,0,255) (229,101,255) (212,0,255) (255,255,255)
Color Value List: -75.0, -25.0, 25.0, 75.0, 125.0, 175.0, 225.0, 275.0, 325.0, 375.0, 425.0, 475.0, 525.0, 575.0, 625.0, 675.0, 725.0, 775.0, 825.0, 875.0, 925.0, 975.0
Units: w/m^2
Rating: -75.0, -75.0
Active: NO
Priority: NO
==================================
Map Number: 23
Map Name: Sfc (2m) Temp
Base URL: http://www.drjack.info/BLIP/NAM/SE/FCST/sfctempf.curr.18z.PNG
BGR List: (255,0,127) (255,180,127) (170,255,0) (127,255,159) (0,212,255) (138,127,255) (255,0,255)
Color Value List: 62.5, 67.5, 72.5, 77.5, 82.5, 87.5, 92.5
Units: degF
Rating: 62.5, 62.5
Active: NO
Priority: NO
==================================
Map Number: 24
Map Name: Cu Cloudbase Cu>0 with Stipple (Classic Coloring)
Base URL: http://www.drjack.info/BLIP/NAM/SE/FCST/zsfclclft_zsfclcldifft.curr.18z.png
BGR List: (255,70,0) (255,131,0) (255,200,0) (248,252,0) (182,232,2) (117,210,5) (58,193,6) (14,185,30) (9,204,87) (6,223,153) (2,244,219) (0,247,255) (0,222,255) (0,197,255) (0,175,255) (0,139,255) (0,99,255) (0,55,255) (0,9,255) (24,0,223) (61,0,179) (95,0,137) (132,0,92)
Color Value List: 500.0, 1500.0, 2500.0, 3500.0, 4500.0, 5500.0, 6500.0, 7500.0, 8500.0, 9500.0, 10500.0, 11500.0, 12500.0, 13500.0, 14500.0, 15500.0, 16500.0, 17500.0, 18500.0, 19500.0, 20500.0, 21500.0, 22500.0
Units: ft
Rating: 6500.0, 4500.0
Active: NO
Priority: YES
==================================